%YAML:1.0
---
vocabulary:
   k: 6
   L: 3
   scoringType: 0
   weightingType: 0
   nodes:
      - { nodeId:1, parentId:0, weight:0.,
          descriptor:"1 159 27 249 52 135 169 119 30 9 90 66 189 147 160 96 102 59 31 136 147 152 1 255 228 190 186 192 28 136 161 169 " }
      - { nodeId:2, parentId:0, weight:0.,
          descriptor:"11 159 98 156 247 213 190 247 143 77 92 167 44 254 182 228 238 59 151 197 215 187 54 255 63 93 142 171 31 140 189 223 " }
      - { nodeId:3, parentId:0, weight:0.,
          descriptor:"56 205 90 238 21 199 87 116 197 0 252 2 115 211 32 64 120 186 14 106 72 171 16 191 243 237 130 9 51 138 116 42 " }
      - { nodeId:4, parentId:0, weight:0.,
          descriptor:"125 79 237 229 36 26 111 184 85 226 246 198 83 105 149 99 126 196 62 238 233 240 109 140 246 235 229 132 47 251 80 112 " }
      - { nodeId:5, parentId:0, weight:0.,
          descriptor:"34 177 176 155 253 237 176 207 95 61 120 27 172 220 124 0 217 27 147 17 22 58 90 247 47 20 159 111 213 12 213 142 " }
      - { nodeId:6, parentId:0, weight:0.,
          descriptor:"84 176 156 180 137 108 21 139 170 183 131 25 222 247 73 91 163 215 237 16 24 65 219 64 217 243 95 127 128 96 135 2 " }
      - { nodeId:217, parentId:6, weight:0.,
          descriptor:"94 32 150 180 139 112 56 11 171 211 139 151 204 254 107 202 231 215 253 149 28 65 155 192 153 247 223 223 132 101 173 86 " }
      - { nodeId:218, parentId:6, weight:0.,
          descriptor:"208 72 159 252 8 106 85 38 188 146 226 16 247 243 1 91 226 245 109 130 104 197 131 72 209 162 94 25 32 112 37 42 " }
      - { nodeId:219, parentId:6, weight:0.,
          descriptor:"100 180 157 117 140 111 69 152 114 187 163 24 215 115 73 59 145 212 104 26 25 112 251 0 205 187 85 116 192 123 198 34 " }
      - { nodeId:220, parentId:6, weight:0.,
          descriptor:"92 148 188 182 170 102 29 187 56 191 159 187 95 127 75 91 183 215 253 163 56 71 153 34 217 231 127 181 164 120 165 83 " }
      - { nodeId:221, parentId:6, weight:0.,
          descriptor:"66 185 157 243 170 204 53 175 174 21 6 49 188 183 64 90 167 119 249 16 82 73 187 113 205 183 94 91 128 0 133 59 " }
      - { nodeId:222, parentId:6, weight:0.,
          descriptor:"116 160 152 176 169 233 16 207 171 189 169 25 142 211 72 26 129 27 236 16 26 75 202 17 219 213 21 127 192 64 143 3 " }
      - { nodeId:253, parentId:222, weight:3.3647223662121289e-01,
          descriptor:"116 176 152 178 169 237 16 138 187 191 161 25 142 211 72 154 129 223 237 16 26 71 218 48 155 215 85 127 194 73 15 3 " }
      - { nodeId:254, parentId:222, weight:1.5415067982725836e-01,
          descriptor:"120 180 184 96 185 237 81 15 171 61 172 8 158 183 66 18 129 151 237 16 26 107 242 17 219 213 53 127 194 64 198 107 " }
      - { nodeId:255, parentId:222, weight:5.5961578793542266e-01,
          descriptor:"92 133 156 239 191 105 50 239 14 63 185 59 222 115 232 19 179 23 239 32 18 107 235 213 252 247 127 127 216 74 141 35 " }
      - { nodeId:256, parentId:222, weight:8.4729786038720367e-01,
          descriptor:"114 171 144 186 9 137 16 200 171 185 168 41 166 210 64 146 128 123 232 81 78 75 202 49 152 208 15 59 128 3 11 2 " }
      - { nodeId:257, parentId:222, weight:5.5961578793542266e-01,
          descriptor:"133 229 154 171 236 41 174 207 238 146 44 0 141 194 235 75 163 75 14 94 70 64 142 112 172 208 79 45 16 242 139 129 " }
      - { nodeId:258, parentId:222, weight:1.2527629684953681e+00,
          descriptor:"12 160 251 112 226 236 89 197 171 189 37 25 31 215 74 26 39 155 197 16 18 65 170 65 219 209 53 111 224 194 135 162 " }
      - { nodeId:247, parentId:221, weight:1.9459101490553132e+00,
          descriptor:"226 156 124 251 46 237 61 188 143 63 181 49 190 191 110 91 199 115 255 226 114 77 123 245 207 219 115 255 22 201 165 251 " }
      - { nodeId:248, parentId:221, weight:5.5961578793542266e-01,
          descriptor:"68 184 157 255 170 237 53 154 174 223 26 97 252 247 65 90 135 115 121 2 2 193 251 113 197 183 127 138 128 115 5 123 " }
      - { nodeId:249, parentId:221, weight:1.2527629684953681e+00,
          descriptor:"88 169 223 125 185 205 117 191 191 113 70 25 183 247 64 83 163 62 125 24 91 217 251 53 239 243 85 83 34 128 207 123 " }
      - { nodeId:250, parentId:221, weight:8.4729786038720367e-01,
          descriptor:"65 185 151 181 170 13 52 23 170 217 42 77 190 183 64 210 135 119 248 68 81 73 211 208 237 180 94 18 136 96 131 27 " }
      - { nodeId:251, parentId:221, weight:3.3647223662121289e-01,
          descriptor:"66 185 190 242 154 204 61 167 174 21 130 49 172 183 64 90 167 119 249 145 82 73 154 113 237 179 94 123 128 0 165 58 " }
      - { nodeId:252, parentId:221, weight:8.4729786038720367e-01,
          descriptor:"76 189 149 211 187 196 57 191 191 155 14 244 156 183 200 246 7 87 249 24 19 88 251 231 141 247 127 206 142 192 133 57 " }
      - { nodeId:241, parentId:220, weight:1.9459101490553132e+00,
          descriptor:"126 214 143 251 254 122 110 223 50 127 155 243 81 119 235 219 121 212 239 178 127 215 205 147 156 167 255 245 191 255 191 241 " }
      - { nodeId:242, parentId:220, weight:1.5415067982725836e-01,
          descriptor:"126 180 189 228 255 103 159 251 152 170 152 122 92 127 77 3 159 87 95 161 49 103 217 206 121 15 255 191 157 106 43 59 " }
      - { nodeId:243, parentId:220, weight:0.,
          descriptor:"94 52 252 183 162 102 29 155 58 191 31 179 223 127 75 91 183 215 253 179 56 85 169 2 219 231 127 149 164 241 165 115 " }
      - { nodeId:244, parentId:220, weight:1.2527629684953681e+00,
          descriptor:"20 216 174 183 52 203 157 189 206 189 147 187 247 124 59 75 207 245 189 209 44 253 127 61 201 99 127 145 220 56 29 91 " }
      - { nodeId:245, parentId:220, weight:8.4729786038720367e-01,
          descriptor:"253 222 159 150 240 124 151 247 56 95 183 127 118 118 206 95 253 211 134 134 189 254 121 99 248 6 255 194 201 125 167 243 " }
      - { nodeId:246, parentId:220, weight:3.3647223662121289e-01,
          descriptor:"252 198 252 182 142 107 94 171 59 182 171 155 207 111 75 91 247 215 237 163 124 71 219 178 249 195 221 61 177 123 173 2 " }
      - { nodeId:235, parentId:219, weight:1.5415067982725836e-01,
          descriptor:"100 48 157 97 172 111 85 152 107 179 35 24 215 115 73 58 145 84 108 58 25 112 251 0 205 250 85 116 192 123 198 34 " }
      - { nodeId:236, parentId:219, weight:1.2527629684953681e+00,
          descriptor:"196 182 174 17 205 111 229 27 118 191 231 16 210 160 74 107 105 76 106 24 56 244 255 2 77 163 119 69 193 96 230 162 " }
      - { nodeId:237, parentId:219, weight:8.4729786038720367e-01,
          descriptor:"117 241 141 55 136 13 103 156 162 249 163 13 215 115 75 91 145 198 108 92 27 64 219 49 205 186 117 92 200 115 194 50 " }
      - { nodeId:238, parentId:219, weight:1.2527629684953681e+00,
          descriptor:"102 189 141 223 217 70 79 188 83 241 172 72 209 103 77 115 89 214 120 250 123 66 251 57 175 190 199 124 152 243 198 176 " }
      - { nodeId:239, parentId:219, weight:1.2527629684953681e+00,
          descriptor:"182 230 212 243 135 46 207 175 91 191 187 94 103 234 77 25 187 203 36 210 121 246 218 242 169 150 213 117 253 123 206 2 " }
      - { nodeId:240, parentId:219, weight:1.5415067982725836e-01,
          descriptor:"229 180 173 181 141 127 84 139 82 251 129 27 214 124 75 43 209 214 249 59 61 100 251 154 221 19 213 54 200 105 220 114 " }
      - { nodeId:229, parentId:218, weight:3.3647223662121289e-01,
          descriptor:"208 88 159 252 9 236 21 38 172 146 226 24 254 243 33 91 226 247 109 2 105 77 146 105 209 178 90 27 0 112 39 43 " }
      - { nodeId:230, parentId:218, weight:3.3647223662121289e-01,
          descriptor:"242 204 215 189 13 106 100 239 191 178 234 18 78 186 5 91 233 252 106 163 104 245 155 251 177 178 223 3 217 121 241 2 " }
      - { nodeId:231, parentId:218, weight:5.5961578793542266e-01,
          descriptor:"68 64 158 254 170 34 12 6 188 146 194 80 245 163 1 75 194 117 109 129 32 197 195 66 209 162 254 9 128 113 161 10 " }
